src/MDTbig.asc
NCOLS 715
NROWS 746
XLLCORNER 360200
YLLCORNER 4412400
CELLSIZE 200
NODATA_VALUE -999
[rows 450 to 479 of 746, columns 136 to 203 of 715]
708.87 674.56 612.45 565 573.63 608.3 634.08 666.78 733.82 711.75 670.57 673.97 705.69 713.3 666.48 711.86 704.02 627.39 592.14 623.89 653.24 682.55 704.72 741.74 767.54 753.24 751.28 740.04 753.82 753.74 745.43 727.84 722.4 719.58 709.01 708.06 701.95 697.8 689.87 692.33 698.96 706.62 708.65 723.56 718.99 710.1 706.5 701.02 690.88 685.17 680.44 673.31 680.62 682.41 679.03 665.94 657.201 649.668 638.159 632.14 618.429 597.32 597.55 581.31 560.283 562.542 548.477 540.113
635.41 599.26 611.61 565 575.86 623.87 653.7 676.33 715.81 692.51 650.05 647.16 657.27 667.24 656.12 676.73 647.94 570.66 582.29 612.89 652 690.23 710.93 724.81 747.33 736.09 740.91 726.25 738.17 741.61 739.82 721.06 713.06 711.49 706.9 704.08 693.47 690 687.06 688.65 695.18 699.16 710.94 721.44 711.94 705.61 704.08 701.25 691.66 684.75 675.26 668.03 673.77 674.6 671.5 654.48 640.641 623.51 621.829 626.851 609.471 593.05 585.949 573.796 558.462 548.728 543.423 541.72
565 565 565 565 571.57 603.82 635.46 691.29 741.52 685.38 624.85 630.87 626.43 640.63 645.46 619.34 576.83 612 643.74 613.78 635.14 685.57 702.57 711.36 735.48 728.51 731.32 718.47 731.63 732.39 725.18 711.11 707.1 706.86 705.09 699.17 692.66 686.61 684.18 686.99 695.86 707.33 713.99 711.58 706.67 699.29 701.87 703.54 692.55 688.18 676.9 671.02 664.22 664.73 671.22 663.42 656.979 633.058 602.299 615.89 600.159 588.071 576.058 561.882 560.222 553.962 553.368 547.6
565 565 565 565 565 565 610.86 683.28 731.28 686.51 619.13 602.02 604.43 596.76 593.5 554.36 606.71 620.37 669.39 677.02 665.86 685.45 708.36 721.21 718.65 716.56 712.26 709.51 709.02 715.89 705 702.13 702.72 705.75 708.37 714.3 704.02 691.27 683.28 682.55 690.67 702.64 709.6 705.1 699.35 693.19 693.17 697.69 696.77 684.24 680.01 669.06 662.64 664.71 666.91 675.17 656.499 629.328 607.44 587.909 599.35 591.808 583.471 559.348 550.2 551.63 554.318 553.099
565 565 565 565 565 565 587.5 637.52 692.11 668.14 636.03 582.1 563.28 558.78 569.46 606.68 612.64 677.22 677.9 701.71 685.33 709.21 710.02 713.1 716.47 706.51 707 696.28 713.76 702.95 700.15 695.62 697.99 705.38 713.17 719.53 725.24 699.23 684.09 679.02 682.97 697.69 697.92 694.93 695.38 688.78 694.27 701.64 695.25 687.11 677.94 666.35 658.77 657.78 655.94 657.23 646.39 619.628 601.78 584.568 593.309 587.87 571.248 554.32 546.473 547.655 552.62 551.938
635.93 565 565 565 565 565 565 641.74 640.89 656.81 607.06 568.2 554.47 542.06 599.78 632.52 671.61 666.85 693.71 699.26 700.26 703.01 682.22 703.2 689.34 696.17 709.01 696.32 701.23 688.1 705.31 701.88 700.06 709.26 717.94 718.6 708.37 695.64 685.28 677.97 681.17 691.38 688.72 685.16 686.45 682.8 683.52 691.14 695.37 684.53 676.16 675.99 663.73 647.81 650.34 640.64 614.971 606.671 591.96 577.582 577.559 573.258 556.15 550.759 545.873 547.097 552.997 545.104
650.62 588.57 594.38 565 565 565 565 616.64 635.71 642.86 613.4 551.4 542.43 573.96 585.8 627.08 652.42 677.32 681.53 686.41 689.41 686.9 676.26 675.43 665.94 684.29 695.36 695.02 684.79 716.56 717.72 715.75 707.82 713.01 721.02 733.13 710.12 699.61 690.03 677.5 672.93 676.58 677.38 678.73 675.85 675.66 686.29 693.22 692.6 682.58 668.55 657.74 651.93 628.83 632.77 620.5 615.14 592.21 601.92 572.46 557.83 551.402 548.79 546.691 548.298 540.391 544.584 545.868
648.35 609.89 587.29 565 565 565 565 557.43 587.42 613.1 572.36 538.39 585.57 628.17 653.63 681.16 688.18 682.56 675.1 674.42 681.13 662.69 648.33 678.43 702.77 697.53 687.93 681.31 700.57 721.99 703.35 700.51 712.86 719.89 737.8 741.53 724.33 709.63 691.13 684.94 675.71 666.91 668 670.28 670.57 670.6 698.53 690.14 687.45 673.97 665.33 651.93 629.05 610.62 622.16 603.76 586.891 581.279 575.632 561.28 551.001 551.159 546.158 545.861 544.192 543.323 533.279 545.288
638.37 615.02 600.1 566.16 565 565 569.92 518.76 576.14 606.5 530.05 569.46 595.85 673.57 697.85 697.1 674.59 668.6 659.17 659.47 642.49 647.76 658.93 649.66 660.51 690.13 684.14 690.74 707.36 701.42 694.92 707.29 738.24 735.94 750.07 730.24 716.68 709 692.42 688.67 677.22 666.67 662.79 662.36 662.71 667.46 682.35 679.04 676.76 676.61 672.08 646.65 627.51 604.2 603.95 589.52 576.54 562.67 555.72 555.27 553.5 543.491 546.67 536.789 545.021 538.09 533.221 541.781
613.76 593.89 588.74 568.35 570.02 582.24 612.9 591.26 517.59 562.87 527.5 600.49 644.09 669.01 698.84 683.19 668.42 645.71 661.83 648.38 600.1 647.02 645.08 646.43 687.3 682.3 675.13 697.38 703.09 689.48 684.8 718.27 723.79 747.08 754.24 725.67 718.16 707.08 699.77 685.15 676.3 667.66 668.57 659.37 658.8 664.1 668.08 666.98 671.92 682.4 669.45 645.52 627.96 597.04 583.66 579.69 564.051 556.26 551.831 545.121 544.189 544.81 544.901 536.951 547.21 542.265 530.084 530.352
589.88 572.27 568.84 556.44 556.79 557.54 581.77 607.08 575.38 517.44 537.87 574.08 588.22 637.1 671.96 676.53 655.4 625.37 653.6 608.09 590.82 625.8 623.33 654.73 675.89 669.28 682.56 695.37 684.6 672.68 702.81 727.35 752.77 762.94 752.21 730.14 711.26 703.06 691.77 678.16 672.16 667.49 662.4 655.87 650.94 657.57 657.16 661.35 663.83 666.77 663.56 649.5 631.14 586.05 553.35 566.07 559.49 559.061 553.462 546.431 548.172 541.249 539.912 536.732 526.418 534.433 532.958 533.061
565.11 553.72 550.41 542.36 541.98 537.35 537.06 580.86 565.71 521.93 529.94 528.88 535.96 632.06 654.9 660.51 647.88 610.62 605.71 552.76 590.11 640.77 661.06 677.06 680.08 663.54 687.58 678.25 665.88 674.76 704.78 725.64 752.76 741.83 737.9 745.17 710.41 691.56 690.05 671.45 661.07 656.92 657.48 651.3 650.83 652.52 648.16 646.25 653.41 650.76 654.47 630.07 602.81 561.88 566.96 558.45 574.609 576.98 557.42 556.28 572.008 554.13 547.4 546.45 538.208 536.45 531.198 518.368
555.81 543.79 542.73 545.68 544.57 542.84 546.22 584.34 573.79 560.58 610.43 622.18 522.29 607.39 618.48 645.84 633.88 581.17 568.85 572.56 633.31 665.09 672.97 661.14 667.73 666.72 659.88 657.32 664.12 685.17 709.45 733.16 738.91 722.45 719.43 735.54 723.35 693.8 672.44 660.36 652.16 644.43 650.52 641.66 625.17 648.83 641.03 628.04 641.86 639.22 626.27 638.98 590.46 556.8 548.44 553.66 570.69 561.438 568.21 549.21 568.779 560.88 554.471 557.33 549.67 539.19 533.768 524.05
545.68 549.15 546.5 554.08 553.89 554.71 556.93 590.47 556.91 570.4 645.53 631.39 549.35 571.34 601.79 613.44 627.51 578.28 539.99 586.16 629.54 648.41 645.42 659.35 671.33 660.89 647.54 667.68 676.5 688.22 698.16 716.15 727.17 716.69 704.86 725.28 716.71 699.16 679.12 669.3 660.34 639.7 633.15 628.23 613.83 630.13 630.67 629.6 605.96 615.92 609.37 611.96 581.44 606.51 568.89 545.3 544.158 564.712 540.6 544.42 552.201 580.469 568.638 547.92 539.828 537.697 548.845 530.801
553.71 558.78 556.07 550.34 563.07 566.45 577.56 561.34 608.18 628.47 670.61 637.53 597.57 509.85 552.68 578.11 591.02 532.46 560.67 606.2 638.36 622.96 647.02 642.07 663.84 637.68 660.41 674.96 674.64 693.47 702.66 718.89 717.26 713.48 697.51 712.48 715.71 698.1 689.64 679.28 661.25 643.77 613.36 623.48 590.02 609.14 604.07 595.44 590.7 594.55 596.81 592.39 609.06 608.02 547.85 531.19 562.362 582.179 551.47 532.952 536.992 550.772 573.622 547.268 538.609 533.158 524.538 534.217
562.62 564.72 564.09 564.61 568.69 571.62 590.48 596.98 633.57 676.28 689.97 642.84 606.53 579.57 532.75 534.42 521.2 535.3 599.52 625.4 621.02 590.96 605.32 632.06 613.84 620.12 645.48 651.72 671.84 692.63 701.09 714.46 703.3 704.2 699.83 699.03 705.98 693.07 682.11 675.69 648.78 631.78 623.33 588.1 563.03 562.91 571.51 568.6 578.53 583.02 579.51 584.16 625.28 607.72 561.96 537.44 526.269 537.279 528.411 524.362 578.341 582.868 603.65 561.78 544.751 544.142 542.604 519.804
565.82 564.52 566.16 576.17 567.6 576.56 602.33 615.72 644.68 689 693.36 667.72 652.56 645.55 608.47 551.97 515.78 518.35 521.68 579.06 587.58 603.87 643.94 597.32 650.42 655.9 666.88 669.51 668.29 694.78 709.96 712.64 699.18 688.44 696.64 684.63 693.26 681.86 683.4 678.96 642.55 633.89 621.33 628.22 612.6 565.4 553.66 577.05 571.2 578.42 571.89 588.93 629.44 603.4 610.41 563.42 538.34 537.439 537.332 525.591 548.28 553.351 581.521 563.879 526.167 546.781 536.159 520.245
572.34 572.68 572.73 572.64 580.68 585.44 616.55 636.99 672.39 715.41 712.32 686.68 653.65 630.84 613.64 552.93 564.08 579.7 536.21 560.21 585.67 629.97 648.24 658 677.56 674.53 678.04 677.15 672.87 685.62 698 706.85 694.48 684.06 678.47 682.4 682.35 678.02 672.68 663.77 669.12 660.79 634.17 595.15 578.27 559.38 543.5 567.63 566.95 567.71 568.9 575.52 603.17 592.29 596.63 598.45 555.65 555.99 544.531 526.459 514.66 537.58 540.01 554.138 516.577 532.223 516.1 528.449
584.46 583.52 583.61 584.3 583.44 576.88 638.49 645.51 686.76 710.33 701.21 662.49 645.44 647.82 605.36 540.74 614.07 608.22 558.86 540.29 617.27 638.85 630.67 634.01 657.54 660.3 658.92 681.02 692.42 685.68 694.45 696.2 700.08 690.73 670.77 678.33 666.02 653.85 654.7 655.13 659.34 639.81 610.67 584.25 571.29 561.3 539.22 555.48 558.06 558.47 554.43 581.47 570.96 599.69 564.42 595.57 603.93 550.659 513.588 507.261 530.539 521.202 535 527.114 498.713 522.112 493.061 488.191
594.38 595.41 603.19 616.07 623.3 644.27 596.46 656.3 685.91 717 727.73 684.7 684.8 663.68 597.47 574.7 647.1 630.55 554.36 552.21 600.49 609.23 628.53 667.98 668.76 632.32 653.67 676.62 666.83 669.68 686.24 683.98 693 691.06 669.8 655.81 669.74 657.45 637.54 609.48 629.09 634.24 611.92 576.23 559.12 547.95 545.62 547.21 554.06 548.96 549.57 576.15 564.33 583.5 581.72 557.8 587.312 529.38 511.67 525.749 529.292 520.701 498.752 490.558 490.173 484.38 491.937 493.213
622.23 648.4 675.07 685.25 682.78 674.46 632.61 669.98 710.67 728.29 706.4 698.77 659.12 635.76 613.8 616.57 652.69 642.13 593.11 527.59 514.92 516.18 580.12 648.66 669.28 622.7 646.06 654 649.52 663.66 675.49 689.78 681.74 681.43 678.21 655.11 653.91 637.98 631.76 647.34 588.7 610.9 595.31 579.24 556.07 545.5 533.39 556.81 553.43 541.98 549.66 568.98 565.2 556.38 570.34 553.34 590.56 565.71 530.551 512.658 513.431 489.641 485.612 502.033 485.766 509.032 509.51 510.72
680.8 716.94 705.58 725.71 710.86 701.92 653.29 667.74 716.33 749.21 721.53 680.54 662.76 694.01 676.24 660.49 670.37 693.1 684.79 638.99 611.25 581.86 512.69 572.2 558.44 640.27 660.24 640.25 656.4 668.28 690.79 685.06 678.7 673.13 666.7 667.15 664.17 655.29 612.64 644.41 582.96 594.11 628.8 594.3 562.84 548.78 525.98 548.26 554.52 543.1 554.08 550.35 560.48 548.36 551.64 549.04 566.02 550.961 537.611 535.569 495.002 480.32 523.07 534.739 520.209 499.741 505.397 506.238
741.76 756.7 760.91 726.21 696.82 687.34 635.68 686.14 717.14 747.33 702.19 676.07 712.87 742.92 718.69 698.56 720.85 737.06 736.08 683.52 666.18 623 585.68 518.06 556.23 621.25 632.7 645.74 663.72 678.55 666.02 685.14 674.01 665.32 660 660.32 646.16 657.05 623.17 588.32 571.9 605.39 602.97 550.53 542.96 528.4 538.57 556.96 555.85 539.21 533.71 542.21 558.89 531.11 556.84 577.89 561.831 566.221 537.949 519.462 497.21 481.602 530.128 551.083 540.946 525.186 527.771 506.868
788.8 808.19 754.77 721.32 703.73 667.76 665.7 696.79 728.8 712.24 702.26 711.6 737.43 724.32 694.25 690.1 713.56 737.03 745.04 726.78 678.38 667.55 669.9 593.23 526.45 542.76 596.51 649.01 669.84 648.51 682.69 689.26 681.5 676.91 664.52 653.65 644.86 636.24 630.24 612.01 561.23 574.79 574.57 551.29 516.08 554.64 567.52 566.76 549.73 537.6 525.13 537.93 540.94 526.44 557.74 562.57 566.18 528.148 552.31 552.64 506.56 479.612 518.461 512.363 548.461 533.051 538.373 530.69
756.53 801.1 790.61 742.39 701.89 665.6 697.32 711.21 709.46 687.4 675.58 662.78 670.88 675.98 678.11 651.91 663.64 696.84 685.22 691.07 696.62 684.48 663.86 623.08 627.64 550.57 517 614.17 622.27 623.28 665.26 701.75 700.66 692.01 678.25 649.93 646.62 626.84 591.24 602.06 542.6 561.94 539.45 545.41 532.47 550.46 572.03 546.62 549.91 535.81 526.38 525.27 530.93 527.36 552.73 521.92 551.919 536.001 527.871 546.591 508.7 480.228 505.599 537.744 547.699 531.443 545.971 540.142
753.78 797.91 795.86 733.94 714.2 692.79 677.84 693.66 729.46 729.15 703.84 675.62 676.46 660.66 643.98 625.61 626.81 617.26 595.36 621.28 610.36 600.78 574.55 588.16 615.08 607.32 546.75 517 559.79 623.66 644.57 685.3 701.51 685.94 684.83 658.35 655.88 653.75 616.74 569.52 556.28 551.57 548.28 518.49 530.69 545.508 550.187 533.207 555.165 528.581 522.248 531.034 515.79 542.494 541.386 536.16 514.939 540.109 503.272 542.818 521.941 478.562 497.678 526.871 544.156 546.959 546.43 562.122
761.28 775.57 751.35 731.42 713.54 684.64 691.94 712.41 727.22 726.49 704.73 711.22 696.61 690.29 641.78 680.98 674.13 619.51 635 593.71 579.06 593.61 607.76 582.86 571.65 526.77 517 517 529.28 542.35 549.45 628.97 628.02 639.47 682.04 675.33 645.21 629.4 600.57 546.61 535.05 543.48 544.38 542.86 507.13 506.99 548.43 542.17 534.74 503.26 501.68 523.49 509.68 543.08 524.66 521.88 515.728 507.262 515.45 531.701 504.242 482.579 485.001 509.641 533.331 556.859 559.657 560.752
787.28 749.92 718.23 705.92 702.02 713.07 689.57 730.21 753.61 767.52 760.02 717.31 677.28 669.75 654.78 700.48 683.1 653.45 669.03 654.02 613.54 638.75 668.81 659.13 630.32 590.55 604.03 551.4 517 517 517 538.29 537.84 569.55 667.73 674.56 634.52 600.47 556.5 537.69 542.23 511.76 536.71 535.72 495.74 510.47 532.06 503.32 507.76 507.32 524.91 523.68 498.99 527.07 500.22 513.37 505.978 496.978 488.897 466.577 471.379 488.01 474.279 476.442 531.867 555.31 566.651 558.95
775.55 757.22 731.81 715.52 723.86 733.75 709.15 740.63 777.15 775.68 770.92 723.81 722.61 695.06 661.23 722.84 698.78 719.92 732.41 696.54 640.68 685.57 706.22 697.91 694.1 682.48 629.86 607.78 609.88 594.81 547.84 517 517 589.89 638.88 669.73 661.45 635.04 568.46 520.36 530.72 515.57 529.29 512.82 487.5 489 484.2 490.03 497.79 504.67 522.85 499.98 495.15 518.9 506.58 466.05 471.737 467.368 469.937 485.398 484.986 469.963 486.259 484.69 499.58 530.658 555.559 580.393
747.4 725.88 718.28 759.76 742.88 716.97 734 767.23 810.45 797.52 814.16 764.78 751.24 691.07 690.54 720.73 762.69 780.94 779.59 729.72 695.57 696.05 733.96 754.81 753.72 746.57 676.83 689.95 673 649.13 602.55 568.47 517 543.65 621.4 640.14 642.45 569.12 534.09 507.01 505.53 501.51 487.95 495.28 485.19 476.98 477.65 487.64 483.46 503.92 504.3 484.76 520.09 507.91 491.91 460.05 491.911 508.132 508.602 514.21 525.218 523.447 474.327 476.697 491.066 532.931 553.421 584.473
