src/MDTbig.asc
NCOLS 715
NROWS 746
XLLCORNER 360200
YLLCORNER 4412400
CELLSIZE 200
NODATA_VALUE -999
[rows 480 to 509 of 746, columns 0 to 67 of 715]
771.86 786.15 831.62 883.39 976.82 1052.03 1115.99 1163.08 1217.05 1286.14 1329.43 1350.31 1359.52 1361.43 1384.56 1434.78 1399.04 1365.87 1308.14 1248.29 1185.96 1185.17 1182.7 1194.28 1210.05 1249.39 1231.26 1252.65 1247.62 1212.44 1172.13 1091.68 1067.59 1110.84 1168.72 1168.34 1167.4 1167.93 1178.67 1181.36 1164.89 1173.83 1220.15 1264.97 1247.13 1177.26 1156.85 1087.09 1038.42 961.47 914.23 930.53 905.71 888.91 876.227 862.668 856.83 854.78 832.88 814.02 796.94 744.95 724.8 769.11 820.49 769.22 706.75 720.5
745.96 785.46 838.42 928.63 993.96 1047.06 1136.28 1187.21 1244.64 1330.34 1360.46 1375.24 1389.65 1383.79 1369.9 1388.94 1405.28 1370.97 1322.26 1277.22 1208.03 1165.18 1159.72 1163.74 1173.18 1216.88 1181.49 1205.39 1189.38 1161.02 1126.75 1082.66 1014.17 1067.34 1118.34 1108.3 1098.3 1107.73 1125.05 1109.27 1133.54 1220.15 1275.6 1284.54 1216.89 1155.45 1114.9 1050.23 985.68 938.19 877.07 877.3 859.61 855.38 850.54 851.57 854.07 854.43 847.74 801.36 761.11 736.9 739.35 719.06 769.92 741.76 706.73 710.12
730.11 763.64 805.09 858.79 941.21 992.74 1037.4 1126.09 1203.66 1279.8 1330.44 1358.01 1367.42 1377 1363.74 1362.32 1387.82 1375.91 1335.9 1293.82 1252.91 1191.44 1147.23 1156.46 1160.34 1166.48 1166.12 1122.89 1099.54 1070.46 1035.4 1042.65 988.64 1025.73 1073.74 1064.4 1026.17 1039.36 1078.97 1134.23 1189.6 1260.07 1284.02 1226.61 1167.46 1115.35 1070.59 1008.64 937.06 897.23 848.22 856.74 859.69 831.23 842.96 849 844.99 846.69 851.84 824.28 793.69 779.78 778.78 710.8 729.46 737.62 722.46 696.06
720.74 736.43 764 811.96 864.03 951.4 1040.9 1114 1214.05 1234.42 1242.46 1279.47 1308.27 1355.09 1337.48 1339.41 1350.44 1365.17 1340.57 1279.13 1251.49 1212.05 1163.23 1122.33 1139.13 1144.52 1134.82 1117.47 1060.35 1005.31 981.34 1004.88 994.18 964.87 982.87 1038.33 1084.4 1099.36 1147.3 1155.69 1200.69 1249.43 1220.79 1145.3 1091.87 1052 995.27 936.57 896.66 855.15 834.46 846.31 827.93 816.19 826.43 843.9 838.42 844.44 877.84 876.49 863.32 778.21 735.25 711.14 708.94 715.94 708.72 695.99
704.84 713.83 740.99 785.82 864.37 960.99 1036.88 1074.73 1131.08 1139.92 1171.85 1206.43 1242.37 1279.18 1305.51 1315.16 1346.51 1356.58 1347.69 1278.42 1232.42 1198.59 1167.8 1121.6 1132.95 1123.65 1106.39 1117.52 1082.12 1062.47 1027.33 961.93 936.82 993.95 1039.51 1072.22 1080.15 1102.8 1136.4 1131.59 1127.18 1162.2 1142.39 1079.85 1013.9 981.08 988.61 923.75 863.22 849.52 817.54 825.13 813.76 808.37 834.85 842.2 832.07 847.95 905.48 883.2 809.02 768.6 731.18 724.77 700.32 697.97 693.39 687.84
698.36 693.52 715.89 777.94 848.1 937.95 1013.97 1035.44 1052.01 1076.45 1093.09 1116.62 1141.81 1177.77 1222.49 1278.56 1317.68 1331.39 1327.73 1294.44 1260.77 1226.68 1160.1 1135.03 1099.93 1112.11 1095.96 1074.13 1061.61 1036.18 1008.94 966.64 945.59 1005.63 1024.19 1017.02 1044.49 1089.56 1089.27 1070.39 1046.39 1088.53 1083.06 1059.1 963.01 933.08 950.05 911.65 870.62 826.93 819.28 798.81 801.51 806.95 823.93 826.56 808.78 834.24 840.82 805.83 776.83 753.86 748.9 715.9 700.61 693.08 687.25 699.49
682.96 675.9 698.76 750.36 819.16 889.86 953.85 979.87 981.26 1002.89 1048.09 1047.1 1057.72 1113.35 1182.41 1252.2 1254.98 1294.78 1294.78 1296.13 1278.16 1247.92 1222.88 1165.04 1081.79 1103.91 1110.21 1070.01 1049.32 1025.89 992.98 972.09 872.84 965.75 967.06 955.39 987.18 1052.61 1031.97 1006.37 974.59 994.77 1006.26 972.23 925.46 900.4 898.06 876.61 846.14 821.21 807.37 799.15 793.19 799.19 829.69 830.25 818.76 777.35 773.86 767.38 752.29 728.57 708.83 699.6 694.53 699.03 720.97 741.59
670.68 665.66 679.19 711.32 759.97 825.02 902.15 900.26 904.87 928.13 935.92 931.59 995.87 1057.38 1140.5 1168.05 1157.02 1184.66 1244.73 1246.88 1257.71 1276.17 1227.28 1159.1 1097.02 1033.51 1071.88 1069.54 1061.62 1044.66 1023.19 975.64 889.88 856.35 885.57 884.07 940.49 1003.71 970.73 948.45 912.21 908.26 910.78 896.54 901.1 886.78 921.84 904.74 862.88 836.82 823.64 796.42 793.19 793.28 811.29 828.05 794.7 752 722.86 723.51 712.68 706.41 699.48 692.8 729.79 757.04 762.9 764.64
657.75 654.42 658.34 678.4 734.75 809.19 845.87 836.61 823 829.25 828.58 861.05 936.11 1025.04 1110.33 1077.41 1062.83 1124.25 1190.34 1167.28 1177.38 1207.46 1202.91 1139.03 1113.98 1031.01 964.15 1000.43 1031.16 1020.93 1022.18 1003.44 931.28 873.88 807.04 811.86 884.13 936.13 936.2 886.54 876.8 857.32 877.66 831.98 818.47 845.54 895.98 915.69 901.39 859.52 830.32 804.01 811.74 793.19 795.27 749.81 732.84 716.23 709.17 710.63 703.37 702.38 704.27 743.25 790.65 831.94 801.05 793.14
644.12 647.69 646.51 648.34 697.11 747.48 772.47 751.55 737.09 766.17 842.77 914.8 987.18 1032.35 1020.02 978.68 991.84 1066.1 1139.77 1104.92 1100.77 1105.18 1137.13 1166.32 1119.62 1035.58 936.42 926.66 931.97 959.82 1010.7 1008.61 956.39 890.72 884.12 771.71 795.28 840.96 845.68 847.01 837.44 829.68 847.15 830.72 775.65 778.04 803.73 848.89 901.17 886.84 858.36 815.42 799.56 789.09 788.59 778.2 756.45 732.08 722.8 728.98 729.34 730.95 743.56 816.28 868.68 877.86 856.37 865.9
633.97 638.82 634.38 635.5 645.57 671.42 684.95 693.95 743.25 794.1 866.43 914.3 938.87 937.78 914.71 911.92 923.61 997.69 1056.06 1063.89 1025.18 1009.62 1034.2 1073.79 1053.34 1014.71 957.55 854.51 852.27 931.56 967.2 933.09 881.99 822.35 829.55 805.39 736.43 786.83 810.09 836.51 790.21 798.58 830.66 811.38 760.77 756.84 768.37 785.98 836.72 836.22 805.46 772.5 773.28 789.63 811.52 768.32 753.01 753.51 772.38 763.66 791.22 790.07 825.49 824.78 869 875.87 893.48 873.68
633.04 631.5 631.05 629.62 633.66 647.61 671.88 669.79 685.08 723.74 761.06 788.04 807.01 815.64 807.16 827.07 868.57 918.85 945.78 976.95 954.7 930.28 948.18 980.53 999.22 976.49 926.18 828.47 837.89 899.83 887.28 870.86 870 826.46 793.38 788.79 746.01 730.26 765.52 789.4 787.33 784.13 801.68 778.18 750.18 744.86 762.67 792.21 794.52 774.32 749.86 751.12 757.26 769.29 788.94 804.68 824.79 835.11 838.58 802.54 847.76 862.96 907.38 893.93 866.31 865.52 880.37 873.94
621.11 622.94 623.21 624.73 628.9 635.4 649.54 649.66 659.42 660.16 675.33 697.7 725.36 735.82 753.09 771.98 797.1 809.31 830.11 882.79 889.94 860.56 874.37 894.39 896.28 887.98 881.31 772.55 829.55 817.84 837.03 827 805.49 778.9 759.79 751.15 754.16 712.22 733.64 737.07 733.09 749.73 767.58 752.31 745.32 741.08 778.04 762.77 745.21 743.18 730.93 742.51 761.09 788.33 821.07 872.35 895.91 909.39 906.22 888.29 906.65 940.74 957.76 900.95 877.34 881.67 874.65 863.42
615.29 619.44 618.95 619.52 626.61 631.02 639.42 638.96 637.39 637.72 643.47 658.9 676.99 704.01 724.31 739.42 752.86 756.17 767.65 800.49 818.48 793.14 786.4 794.18 792.94 797.65 787.78 752.18 759.88 746.15 729.54 740.55 767.47 752.09 728.25 730.87 723.51 707.12 710.61 719.4 708.41 721.63 742.97 740.01 723.55 709.98 707.43 708.68 708.88 723.98 744.14 761.65 783.37 831.06 865.8 910.31 951.32 969.82 957.86 954.46 974.76 970.97 946.71 933.66 889.87 886.43 887.74 866.71
610.68 612.5 612.7 621.19 627.41 626.67 629.04 631.5 633.01 635.49 638.57 644.91 651.12 670.8 689.98 710.26 707.52 722.66 719.02 728.98 739.47 750.94 751.64 747.96 738.84 748.67 745.29 742.86 729.95 719.41 701.15 702.7 730.67 713.61 682.62 673.32 696.07 698.72 688.74 681.64 686.35 691.81 712.06 693.5 692.01 690.86 692.12 701.33 713.06 726.97 752.96 781.85 817.65 863.73 911.57 954.47 1022.6 1032.1 995.63 999.95 1004.02 984.69 961.64 904.57 888.4 883.68 880.5 863.02
607.6 613.7 633.38 631.02 624.81 620.67 621.86 629.82 635.61 635.02 636.3 648.27 654.24 666.11 678.14 685.51 686.28 678.72 674.05 672.19 678.59 684.26 712.22 720.42 703.36 684.97 676.27 683.76 685.14 696.07 686.08 666.83 654.45 655.07 651.29 653.85 658.67 670.16 673.38 672.03 674.17 674.69 677.17 680.34 680.62 685.8 696.24 709.29 724.55 745.14 778.9 807.22 846.39 876.89 918.35 992.18 1077.2 1064.28 1040.91 981.35 963.31 951.58 919.31 896.42 884.28 878.85 871.2 855.65
604.51 633.12 659.8 640.37 617.19 612.04 621.86 624.68 626.83 631.03 636.5 646.24 655.95 665.07 674.96 680 682.35 674.88 667.38 659.61 655.6 657.43 664.12 673.28 669.51 665.88 660.1 655.64 656.74 656.18 652.58 653.73 643.29 639.84 644.1 643.88 650.87 659.31 663.88 667.08 668.26 672.32 673.17 676.24 682.96 689.3 701.69 719.65 741.01 775.7 853.17 884.97 913.69 934.05 937.17 994.68 1080.43 1078.89 1048.22 1002.47 949.08 915.84 905.36 895.5 891.6 882.04 875.35 870.26
602.92 611.56 623.93 622.73 615.11 607.46 609.52 625.15 630 635.33 635.71 649.55 667.3 665.33 680.4 683.92 690.58 685.62 672.68 656.7 648.45 650.37 656.62 672.61 661.23 664.5 650.01 645.77 645.36 645.76 648.3 636.38 637.08 635.98 640.56 657.45 664.72 672.55 663.57 663.54 666.35 669.52 675.16 678.83 689.8 704.01 728 733.08 780.44 830.01 861.63 908.4 958.73 1006.22 1020.01 1067.79 1089.18 1044.18 1001.16 970.98 931.29 925.25 930.96 893.96 883.58 878.25 869.42 857.98
604.7 609.6 609.19 616.63 601.42 603.86 614.26 626.9 623.93 628.21 633.38 641.15 654.23 672.94 683.65 688.7 695.36 697.78 688.56 688.99 647.74 641.46 656.31 661.78 651.79 649.57 641.11 639.87 641.81 638.78 635.78 631.75 631.57 656.65 679.44 707 719.64 692.5 689.84 670.11 668.2 672.99 679.23 684.53 704.9 726.27 746.99 781.33 829.51 887.57 877.89 904.77 965.34 1033.64 1083.69 1147.01 1103.64 1015.22 968.86 959.02 981.94 963.88 938.28 896.72 880.11 869.8 854.62 847.29
595.68 598.41 598.04 595.89 605.08 629.99 666.93 672.11 640.27 637.62 635.11 644.58 652.56 670.18 685.78 703.87 715.2 714.92 696.5 708.44 636.77 633.79 636.63 638.68 643.8 639.93 636.9 636.3 635.29 634.33 631.58 629.18 650.74 679.95 710.45 720.47 729.54 731.25 699.69 694.26 687.17 681.33 684.22 694.02 710.3 737.68 767.96 820.36 883.45 949.42 948.63 971.36 1004.26 1042.79 1118.54 1177.9 1111.12 1023.57 986.87 983.46 986.92 922.48 903.76 887.31 873.01 851.17 854.91 865.28
586.84 589.36 592.07 607.35 621.82 644.6 651.09 663.13 639.93 633.33 637.75 653.6 675.97 675.93 718.98 766.47 760.55 711.08 667.15 644.6 627.01 630.34 632.47 633.27 638.9 639.5 630.4 632.84 632.38 631.43 627.84 626.63 661.29 685.92 687.71 697.11 706.85 716.95 713.77 709.51 704.62 700.98 696.21 707.88 734.54 755.77 816.09 845.46 923.97 1021.12 979.59 987.42 1003.01 990.64 1033.73 1072.18 1062.93 1046.49 1048.08 1029.84 983.23 916.08 886.4 888.76 861.57 867.52 867.57 880.7
587.99 594.94 603.16 606.91 622.81 629.41 641.05 635.84 630.6 632.4 647.82 661.12 671.31 699.05 732.38 781.98 707.46 662.22 647.24 627.72 623.75 631.29 633.67 629.61 632.68 632.1 627.62 627.4 628.58 623.3 622.44 630.44 647.95 670.75 678.12 685.38 702.08 703.45 707.35 711.25 720.97 712.54 732.65 738.4 762.15 792.51 834.39 887.89 960.52 987.15 907.53 898.43 930.5 904.53 939.19 975.84 1045.46 1091.41 1102.16 1029.24 952.72 918.74 886.74 870.88 871.37 877.9 889.82 904.14
597.54 624.37 634.61 626.9 630.32 644.03 645.15 631.68 625.66 627.8 664.2 651.95 656.09 670.55 671.63 670.14 659 635.26 623.92 616.46 636.11 647.03 625.98 619.2 619.8 619.92 619.86 618.87 621.32 622.71 619.33 631.16 641.23 666.15 668.27 678.74 688.59 694.56 705.34 704.87 718.93 738.92 763.06 784.6 813.61 816.01 858.59 935.2 908.97 923.98 861.74 838.64 847.04 865.62 907.59 990.68 1077.03 1085.18 1053.08 996.48 920.12 901.43 885.77 879.29 885.1 900.89 910.34 936.87
622.7 659.23 662.85 666.05 678.16 693.62 673.07 643.17 624.42 623.25 662.42 647.46 644.12 641.69 638.98 638.37 638.72 624.14 613.21 620.01 626.43 621.91 614.38 613.99 614.04 614.75 613.94 614 615.05 615.26 616.61 622.59 639.72 651.06 661.48 679.2 681.73 682.03 688.29 704.76 745.34 778.86 807.03 870.18 878.07 859.61 874.37 869.32 853.23 841.29 812.61 814.73 839.38 872.77 933.79 1030 1088.82 1040.66 969.37 935.82 892.58 885.98 890.89 893.82 903.55 920.33 948.82 980.34
607.22 616.31 621.15 663.97 640.78 652.39 643.99 631.71 630.56 615.57 646.88 634.66 636.84 634.38 630.46 637.94 623.92 620.83 605.85 612.78 615.04 613.3 609.48 607.93 608.57 610.79 610.13 609.64 608.67 612.64 616.48 621.32 633.1 648.25 664.62 672.26 665.88 677.14 693.06 712.04 741.64 772.18 826.72 865.97 838.69 804.81 809.42 799.56 805.76 772.53 801.54 829.42 851.88 913.45 955.16 1019.94 1022.35 1003.69 933.25 877.74 868.66 871.5 893.04 907.52 922.46 939.02 970.58 1023.55
597.38 598.91 609.51 637.41 613.23 607.49 609.36 615.52 614.07 608.04 624.62 617.83 614.91 608.36 609.58 614.01 602.04 599.44 609.14 617.29 608.64 607.86 603.96 604.73 605.49 605.7 606.53 607.06 609.56 612.55 616.01 622.19 632.53 645.22 648.89 660.39 676.27 691.45 704.81 733.94 767.5 781.01 818.87 836.5 773.75 762.44 780.93 758.29 770.59 762.98 779.06 794.35 819.24 889.23 954.91 977.36 938.2 919.47 876.13 852.98 861.92 891.9 927.58 931.07 936.36 958.74 977.93 1027.7
593.13 595.12 602.61 610.9 603.44 597.95 599.69 596.97 600.86 604 600.15 602.24 602.46 599.53 603.55 600.3 594.63 595.84 603.35 605.11 602.66 602.44 601.1 603.3 604.84 606.03 604.88 606.54 609.13 613.58 617.81 622.08 630.46 635.04 647.05 673.27 694.63 704.27 734.32 751.63 779.71 819.89 808.93 776.81 744.43 761.11 777.8 747.69 735.42 735.18 744.67 772.36 807.07 838.9 871.15 888.25 881.07 885.68 836.99 855.22 875.3 915.25 943.86 962.55 966.62 992.64 1040.07 1100.39
588.38 592.35 596.92 598.53 600.91 590.96 591.9 591.87 592.63 599.67 589.22 596 595.88 592.92 592.51 602.02 593.53 596.96 602.87 598.48 598.88 598.91 600.4 602.17 604.08 602.01 603.59 605.85 611.44 618.03 624.96 627.37 629.89 637.59 654.67 674.33 688.43 712.45 743.08 761.21 778.65 792.05 774.37 736.27 726.9 757.49 775.28 724.7 721.15 728.63 751.43 780.92 780.26 811.49 839.56 845.69 833.06 823 841.59 908.42 925.56 932.61 946.94 977.14 1024.94 1068.51 1134.17 1149.36
582.93 593.74 590.85 582.79 581.7 587.49 587.39 586.16 592.75 590.74 580.91 585.46 585.56 584.52 588.06 589.42 587.49 591.14 593.82 594.76 595.09 597.85 603.98 599.3 599.22 601.42 605.04 614.1 616.14 622.03 627.82 629.96 634.4 645.03 657.86 676.33 695.78 711.53 736.1 749.53 753.19 760.82 743.68 711.92 720.02 735.35 718.28 708.19 727.24 756.99 788.82 798.62 796.77 801.13 807.55 810.98 814.26 830.82 860.94 924.17 990.72 979.04 999.22 1049.77 1068.71 1101.99 1130.02 1116.55
572.29 579.14 581.67 576.25 573.81 578.2 577.59 577.97 573.24 574.81 574.81 579.66 579.17 580.04 583.03 583.89 584.48 587.33 588.6 589.79 591.51 592.71 595.28 596.42 600.47 604.99 612.62 622.14 623.75 631.84 636.62 636.01 643.98 655.76 668.11 681.01 705.73 728.72 733.78 734 741.07 735.24 718.47 694.72 699.84 703.22 703.79 709.21 728.16 752.22 781.64 795.82 809.52 800.56 788.27 798.46 816.4 856.38 911.96 962.56 1039.15 1068.2 1066.69 1106.22 1132.64 1154.51 1142.5 1108.5
