src/MDTbig.asc
NCOLS 715
NROWS 746
XLLCORNER 360200
YLLCORNER 4412400
CELLSIZE 200
NODATA_VALUE -999
[rows 570 to 599 of 746, columns 204 to 271 of 715]
637.533 644.869 651.632 640.069 641.547 644.477 640.88 639.025 631.612 629.548 631.756 638.452 636.627 629.941 640.256 650.05 652.412 650.77 646.843 641.678 642.63 638.96 634.571 634.458 631.981 631.387 631.431 630.154 628.116 624.983 617.419 610.563 618.617 613.19 601.849 608.426 603.31 603.986 615.949 624.602 630.58 625.581 628.901 637.964 637.339 635.333 636.859 632.949 632.904 631.35 625.774 619.234 624.386 623.966 630.16 622.166 616.21 611.005 607.696 604.114 596.455 601.119 601.61 598.979 594.08 587.992 593.829 594.211
642.405 640.498 641.761 634.843 633.391 642.845 636.15 634.963 632.99 627.84 635.98 633.671 630.98 629.425 646.628 645.53 646.903 648.618 644.17 640.162 635.963 633.244 638.242 637.499 632.711 630.683 625.356 624.147 622.87 615.875 613.676 621.078 618.75 612.748 607.327 600.827 600.787 600.968 621.244 621.694 619.25 620.394 630.612 635.439 631.292 628.913 632.009 628.641 623.075 628.642 626.476 616.866 623.854 617.89 621.642 620.457 612.397 606.912 602.932 599.77 596.646 592.75 601.561 596.702 594.238 589.109 584.045 585.468
636.183 636.461 637.521 631.26 634.948 642.181 635.549 631.636 627.174 624.145 632.409 623.683 626.003 628.074 637.339 640.4 642.69 644.842 647.28 643.447 640.973 637.309 631.326 626.925 624.827 625.402 622.523 619.231 617.492 619.608 620.659 617.833 615.58 610.185 607.356 601.251 598.914 618.479 612.477 613.941 621.043 625.029 634.069 632.939 628.411 623.939 628.193 622.595 619.228 619.015 620.748 614.085 617.751 618.601 613.341 624.361 619.314 609.888 603.733 600.665 597.677 589.438 597.471 598.821 594.499 589.815 585.629 580.131
636.053 635.539 632.951 627.836 633.758 637.761 631.419 632.401 629.68 622.166 622.19 628.062 629.71 636.47 637.321 637.881 641.749 645.861 645.086 642.634 638.097 636.746 634.382 631.323 630.822 627.621 626.962 624.66 623.619 620.219 617.776 613.898 609.844 607.217 606.458 599.21 599.363 606.112 612.236 613.085 626.954 633.705 629.81 623.719 622.43 615.532 625.163 619.848 614.961 610.526 614.25 610.163 617.513 614.28 608.6 618.522 614.57 608.233 611.262 603.727 599.796 593.07 587.83 597.339 595.54 591.537 586.524 582.309
631.577 630.517 623.154 627.847 637.613 632.477 631.817 623.663 622.961 619.948 625.62 632.664 637.219 641.25 641.689 642.562 644.774 647.586 644.827 639.218 636.04 632.91 634.654 630.152 625.345 627.022 632.292 627.483 622.52 616.643 613.021 617.22 609.881 604.918 601.248 597.072 603.671 614.233 619.388 619.53 620.738 630.057 625.914 619.663 615.72 611.98 623.242 619.352 621.253 610.738 609.337 604.891 616.921 616.247 605.627 614.8 609.161 604.337 598.968 599.969 598.446 591.959 586.423 588.37 594.687 589.641 585.984 580.152
630.699 621.568 628.693 633.467 633.924 628.787 629.44 623.477 618.119 624.868 625.701 624.502 641.534 646.717 647.771 647.97 647.082 648.848 644.788 639.07 632.673 627.447 628.95 626.548 618.108 615.521 626.292 625.832 617.841 617.147 612.546 609.815 604.801 604.937 597.759 595.078 606.001 621.086 629.312 628.332 629.579 628.628 623.555 616.639 611.798 608.872 621.732 614.669 608.79 606.479 602.123 606.686 605.301 611.95 605.987 602.928 604.099 602.232 599.153 593.879 596.589 590.497 584.841 581.619 592.601 591.139 583.864 580.157
618.12 619.687 628.669 629.922 627.434 628.092 622.484 617.012 622.866 621.957 634.253 630.992 629.403 637.194 642.5 648.551 648.567 644.723 640.794 637.384 633.15 632.053 628.317 627.338 623.518 617.267 612.114 618.196 615.801 612.699 623.19 614.133 605.474 602.197 597.068 594.487 595.877 603.4 618.156 623.581 629.518 621.24 614.164 610.206 609.224 606.69 613.608 612.943 610.579 604.432 597.757 604.682 599.154 611.236 601.989 598.024 602.719 598.951 592.46 589.554 594.87 593.951 586.539 579.078 583.069 589.316 585.577 579.263
618.24 618.55 625.095 626.282 625.877 621.4 614.596 618.908 628.494 630.902 631.959 636.822 634.879 640.445 639.595 644.345 644.968 641.498 639.17 632.469 632.804 630.117 626.44 623.623 621.011 614.78 616.251 609.995 608.902 607.571 619.88 612.806 604.21 598.93 596.273 594.129 601.044 619.195 621.518 625.393 625.84 621.08 616.342 612.752 605.08 601.635 611.109 604.441 611.154 611.467 603.372 594.586 594.839 604.088 597.261 597.297 602.576 598.119 594.672 587.197 590.927 587.304 587.16 580.05 577.081 585.953 579.729 583.986
618.978 614.524 617.876 623.881 616.335 613.18 615.431 625.488 628.649 635.888 634.118 644.728 640.062 643.32 643.531 644.534 641.359 636.421 633.16 630.96 630.193 624.818 631.361 627.903 624.038 624.422 620.965 615.799 608.668 604.014 613.549 611.261 604.489 603.019 595.652 592.891 596.288 606.137 619.992 624.885 621.018 613.647 607.952 612.362 607.746 600.12 600.072 603.879 600.993 607.42 604.864 597.003 594.427 597.29 594.705 605.382 603.945 597.185 592.601 587.539 583.135 582.248 580.392 579.96 574.992 581.279 581.449 572.754
620.452 616.042 611.326 615.806 611.21 614.979 620.725 627.882 637.24 642.952 641.244 641.049 645.989 646.031 645.057 647.088 642.099 638.25 635.661 629.735 623.328 623.471 620.464 624.626 619.888 619.189 620.375 619.1 612.17 607.092 600.83 603.965 604.39 602.089 598.041 592.48 596.691 612.669 617.6 625.769 621.492 616.378 613.708 605.792 605.14 603.059 595.072 597.604 596.68 603.378 599.685 595.432 590.605 593.019 594.226 606.593 597.652 592.13 589.776 588.108 585.322 583.44 577.736 576.487 572.848 574.703 578.716 582.267
621.338 614.32 609.29 608.444 612.159 622.988 629.01 626.606 629.886 638.318 648.211 647.56 648.65 651.348 652.916 649.511 642.51 636.629 631.142 632.142 625.425 623.357 617.636 614.02 612.872 609.758 607.634 605.966 608.604 606.233 602.32 597.451 601.522 600.359 600.142 595.281 591.519 605.94 616.662 622.008 614.239 607.313 603.88 603.758 595.848 601.9 598.306 592.009 591.368 599.842 599.084 593.013 588.469 586.836 597.219 605.788 600.639 594.322 591.12 588.829 585.16 579.941 577.074 573.34 574.713 566.154 572.098 569.218
611.556 614.178 608.674 608.93 618.012 620.72 624.749 632.817 632.922 637.594 644.841 648.318 645.882 646.607 654.024 649.09 643.71 640.179 637.9 637.541 633.81 629.77 623.591 618.777 618.188 616.971 615.51 612.828 606.611 604.181 601.95 597.747 596.007 593.382 591.29 597.031 589.938 593.429 606.629 625.206 619.243 611.991 609.177 606.722 602.251 592.305 589.036 592.321 588.387 591.945 599.332 588.334 591.873 584.4 595.68 605.178 599.664 598.601 591.48 588.841 583.079 580.56 578.482 572.217 568.493 569.46 563.052 560.356
618.364 608.487 606.079 614.288 623.092 627.865 628.175 638.838 638.698 644.996 646.102 643.733 641.337 646.911 652.088 645.73 640.878 638.19 636.718 633.698 629.213 631.776 626.855 626.674 625.228 622.993 620.017 617.271 614.224 612.247 606.848 602.53 599.406 597.943 593.202 591.214 592.47 588.522 604.26 621.692 621.883 612.519 608.141 602.742 597.061 602.847 594.434 587.258 583.988 586.54 594.736 587.965 587.647 582.205 597.15 601.004 593.625 595.3 589.171 585.892 582.377 581.145 577.205 575.167 570.039 562.9 568.383 560.313
619.178 606.69 605.804 611.758 619.713 632.431 636.306 640.312 644.753 641.341 641.877 639.311 639.349 647.573 644.991 641.54 637.122 636.119 631.882 630.83 631.207 621.774 629.75 621.617 623.85 620.049 615.033 613.551 612.997 617.778 615.408 611.97 603.504 598.42 595.21 588.584 586.839 588.194 602.05 614.914 632.105 616.388 607.657 604.781 605.11 601.103 598.521 593.541 583.89 581.166 592.891 583.051 578.961 582.796 594.346 593.79 590.138 591.438 593.257 590.201 580.883 577.241 585.403 580.919 571.646 563.701 555.157 558.71
613.42 605.282 607.37 621.609 620.429 624.974 630.203 637.766 636.931 637.872 634.667 634.631 638.661 645.543 641.36 642.12 635.999 630.991 626.097 622.841 620.785 616.554 621.109 615.612 624.926 622.21 619.401 613.662 608.292 605.029 607.052 609.715 605.991 600.142 595.109 587.919 585.837 601.344 613.428 612.181 622.618 624.986 614.532 606.74 599.946 594.058 593.638 594.88 585.938 578.66 587.972 579.862 578.218 588.535 592.591 589.878 583.704 585.608 586.82 583.11 581 575.383 571.168 575.88 580.494 569.028 559.772 555.346
608.23 602.522 608.118 623.749 628.096 631.226 637.482 636.163 631.178 634.294 629.6 630.472 639.279 640.05 640.031 637.561 641.582 635.131 633.25 631.323 630.262 623.11 616.461 612.532 612.297 613.997 613.905 616.966 615.321 614.241 609.275 604.071 600.41 594.109 594.323 588.151 584.682 590.989 609.901 629.812 619.939 612.007 611.491 604.519 602.581 598.504 591.747 586.912 582.803 578.525 576.771 574.545 577.989 590.563 592.905 589.679 581.48 580.517 583.164 579.819 593.195 580.232 570.041 564.325 574.507 564.642 560.484 554.823
610.401 601.581 608.53 614.936 619.954 628.448 633.894 629.83 627.232 629.668 624.393 636.053 635.851 633.203 634.587 639.362 643.935 636.179 632.78 628.392 627.604 628.411 625.288 620.871 613.809 607.163 611.172 607.242 607.357 612.516 614.258 611.404 601.982 597.422 593.62 589.114 584.77 585.06 600.387 621.939 618.016 613.242 605.259 603.621 596.567 594.525 588.494 588.824 589.574 582.253 573.616 569.318 578.339 588.052 586.049 585.977 578.302 575.875 575.112 577.16 584.752 583.222 572.072 565.159 558.867 557.318 552.845 551.815
607.779 600.341 605.377 620.262 625.085 632.817 626.601 627.351 621.09 622.729 634.706 630.128 626.927 627.736 632.424 643.701 640.398 637.151 632.343 630.309 625.704 624.005 623.61 620.097 616.661 611.599 607.167 604.238 603.721 598.938 602.208 604.656 598.337 595.853 590.93 588.029 584.619 583.311 600.671 615.979 609.96 615.4 606.829 600.919 597.022 597.017 592.221 582.919 591.183 586.131 576.969 568.232 572.227 582.503 583.61 579.522 581.159 572.791 571.245 581.787 582.955 574.391 570.734 569.365 562.153 558.584 557.225 549.641
605.512 604.488 600.44 611.328 618.622 628.272 625.45 621.488 618.522 627.936 628.699 622.489 631.964 634.508 637.882 645.057 637.372 632.049 629.447 626.706 625.893 620.329 616.851 618.377 616.168 617.381 613.437 609.937 607.832 603.008 598.942 595.7 595.832 596.208 594.944 590.268 585.31 582.369 591.481 607.892 605.959 611.421 610.119 605.592 598.382 593.06 589.679 584.2 577.882 585.941 581.083 567.008 569.12 578.181 582.44 576.996 573.182 572.701 571.765 566.244 571.353 567.38 569.631 561.422 557.553 559.512 556.872 544.726
609.222 603.258 597.85 614.519 616.719 626.442 621.462 615.361 623.005 623.667 621.547 619.737 628.479 633.71 645.137 644.953 641.841 631.301 626.75 626.624 627.223 626.277 623.894 620.101 613.333 618.383 615.264 613.538 611.709 606.774 607.999 605.31 600.772 599.151 596.052 592.611 587.438 581.829 583.741 596.802 611.618 608.872 601.899 597.203 594.51 591.701 590.444 582.577 577.706 574.422 577.456 568.511 559.483 573.27 584.841 580.133 574.78 573.628 567.548 565.251 560.521 565.787 560.28 555.902 553.677 555.245 546.422 530.842
604.752 603.772 597.023 602.804 612.703 619.953 624.3 615.661 620.546 612.661 619.641 629.019 630.291 633.697 646.367 641.706 630.643 626.177 624.221 624.354 617.599 621.33 619.395 615.37 611.011 616.406 615.873 614.81 612.384 609.859 611.901 606.652 601.085 596.278 597.239 592.89 588.319 580.534 582.188 590.111 600.331 608.375 603.349 599.739 594.352 593.1 589.563 586.502 582.643 578.319 572.119 565.955 558.223 564.969 570.434 579.76 586.157 580.55 569.676 563.37 566.771 558.737 548.023 554.135 554.427 544.299 534.769 524.449
606.475 600.419 595.539 605.674 620.558 621.95 621.4 615.378 613.044 617.981 621.56 628.561 639.701 641.854 644.522 644.215 639.689 629.223 626.128 622.342 618.642 612.607 615.362 607.317 616.006 613.623 609.127 605.395 606.279 607.587 606.63 604.079 600.171 598.998 590.815 589.292 584.27 579.329 586.421 602.722 610.296 613.671 607.339 606.734 601.742 597.156 594.169 589.649 591.644 583.806 580.846 574.748 562.338 557.777 564.222 574.662 574.347 579.549 570.91 561.592 555.255 561.738 558.488 545.981 540.898 536.424 525.298 521.561
608.552 601.938 594.862 609.3 619.883 621.538 615.38 614.241 609.232 623.889 627.802 636.774 641.188 643.718 642.776 635.619 639.645 626.321 620.898 621.832 619.536 612.151 608.175 605.614 616.228 611.158 607.86 607.892 601.022 606.388 604.46 599.771 596.742 598.071 595.501 589.221 581.139 578.409 591.045 597.634 609.504 607.948 606.381 600.213 594.208 595.207 587.348 583.788 580.919 583.271 579.392 571.259 567.862 549.358 557.773 565.168 569.312 566.739 568.912 564.829 557.392 546.602 554.489 549.371 539.819 525.514 522.829 517.268
605.922 599.59 593.969 604.306 610.383 619.343 613.765 607.967 617.666 623.679 622.758 624.964 635.987 641.618 640.732 633.61 635.615 626.11 620.907 618.628 613.553 615.127 609.86 607.022 614.878 610.492 606.81 605.557 598.922 600.943 602.374 599.441 594.225 594.838 593.798 587.751 579.906 577.502 586.038 609.242 609.608 602.435 598.398 594.459 589.602 587.481 582.553 581.56 577.339 574.189 570.025 564.675 560.085 551.565 553.408 560.03 576.522 564.752 566.071 562.83 550.046 543.556 554.681 546.417 529.2 523.939 517.801 515.823
603.118 596.512 592.622 597.495 611.773 617.179 605.393 612.739 614.935 611.783 618.726 631.01 639.468 637.216 636.67 630.685 637.037 632.704 621.006 616.319 617.093 610.579 609.981 602.43 610.549 611.777 608.489 605.852 602.842 594.963 600.922 596.719 594.727 593.048 591.811 588.609 583.622 576.332 579.446 595.934 611.221 609.202 603.479 599.768 595.193 590.129 589.37 587.784 584.419 577.002 572.686 568.096 563.74 557.097 547.418 558.001 561.536 567.289 560.318 551.599 548.423 547.345 534.486 541.55 526.003 520.132 516.506 527.239
602.118 594.707 591.835 601.916 618.914 612.69 603.917 603.923 612.028 618.118 623.145 637.297 635.862 636.926 634.869 627.977 623.398 631.577 621.881 614.942 611.243 608.928 608.036 600.435 607.423 607.643 605.211 602.459 598.097 594.428 596.477 594.618 593.483 590.747 583.952 586.489 586.59 580.079 574.569 581.381 596.867 600.484 598.121 596.904 598.089 593.144 593.599 590.735 585.185 585.086 577.163 570.19 562.431 555.664 547.234 545.098 558.315 570.396 561.762 561.241 553.242 549.865 540.038 529.89 524.641 519.561 511.505 540.014
596.791 592.229 590.517 601.001 616.57 608.26 604.849 600.091 616.033 623.457 624.177 634.241 628.654 635.281 633.101 628.042 623.46 623.87 625.853 619.263 613.799 611.826 605.301 598.195 609.104 607.718 603.13 597.945 597.899 596.139 590.732 587.873 591.541 593.258 590.651 586.644 579.912 580.476 576.219 574.011 591.267 601.869 596.07 589.697 587.429 587.417 581.676 581.401 581.77 578.719 573.294 568.977 565.39 561.121 553.97 540.401 545.908 554.566 561.933 554.962 548.324 540.877 534.139 528.858 522.822 517.563 515.335 535.862
597.947 592.095 590.068 608.726 613.517 610.271 598.969 609.719 611.719 616.82 628.011 632.06 624.456 633.545 629.97 623.902 616.651 624.165 616.077 611.946 610.726 604.192 602.43 598.03 608.704 608.327 605.931 603.148 600.36 596.745 593.437 592.498 588.81 581.958 588.252 587.094 579.236 575.78 573.629 572.539 585.739 601.933 599.596 593.98 589.352 582.69 577.219 573.974 572.088 570.856 565.986 562.306 558.92 553.446 548.795 543.031 536.213 540.087 557.18 553.272 549.427 541.737 534.287 524.537 520.882 515.26 516.375 553.85
592.188 588.512 593.765 609.468 610.627 600.145 597.468 611.125 612.496 620.823 629.163 624.163 621.416 627.419 623.388 615.113 612.411 616.581 616.021 609.5 604.281 609.164 602.312 598.842 610.5 605.748 601.039 602.836 601.401 600.361 599.13 592.149 587.255 585.9 578.98 583.721 579.161 571.907 570.339 579.153 598.317 600.678 597.447 592.207 592.158 590.697 583.978 581.771 578.679 573.133 570.418 566.805 569.215 562.036 554.819 549.438 542.647 534.344 532.16 544.731 550.241 544.73 533.456 521.59 517.064 512.283 547.001 555.836
597.082 586.981 594.538 608.474 612.202 597.421 601.573 610.012 613.428 626.763 623.038 620.098 625.336 626.21 616.328 612.499 606.729 624.586 623.505 613.892 608.45 600.735 599.981 596.21 607.571 602.19 598.119 598.032 599.18 598.857 596.928 593.772 590.299 584.771 578.418 574.252 574.889 570.238 571.196 590.674 598.662 595.549 590.489 594.54 587.035 583.989 590.984 585.508 583.18 579.188 580.629 578.922 577.594 566.471 556.878 551.576 546.733 540.557 533.982 530.276 541.447 540.36 529.049 518.431 514.973 513.874 530.62 552.393
