src/MDTbig.asc
NCOLS 715
NROWS 746
XLLCORNER 360200
YLLCORNER 4412400
CELLSIZE 200
NODATA_VALUE -999
[rows 90 to 119 of 746, columns 408 to 475 of 715]
1345.804 1305.537 1277.753 1254.624 1188.964 1266.8 1305 1339 1364 1352.5 1303.54 1262.547 1241.62 1223.9 1204.238 1186.182 1200.714 1196.271 1187.211 1181.345 1175.477 1190.501 1185.87 1171.434 1157.251 1158.527 1139.4 1124.804 1118.367 1133.501 1152.372 1151.596 1133.182 1119.164 1105.123 1094.926 1084.68 1072.079 1061.09 1048.77 1043.934 1041.579 1039.084 1027.965 997.107 1028.099 1002.545 1032.007 1051.993 1035.529 1048.866 1061.105 1063.108 1099.766 1136.546 1124.009 1141.387 1177.836 1132.477 1099.046 1085.117 1052.337 1086.004 1113.214 1116.19 1100.491 1105.07 1117.258
1333.062 1286.991 1267.096 1240.104 1179.176 1252.9 1289.2 1316.8 1315 1288.4 1275.019 1262.514 1243.816 1218.78 1205.302 1179.821 1181.302 1180.124 1180.267 1170.734 1165.191 1171.139 1162.506 1157.342 1142.293 1140.247 1122.314 1112.57 1112.686 1127.292 1134.565 1141.898 1130.203 1113.507 1102.01 1088.403 1075.953 1068.055 1056.607 1042.01 1039.373 1035.201 1030.588 1004.9 1015.599 1005.755 992.376 1022.302 1037.606 1024.469 1036.083 1038.552 1058.434 1097.1 1122.39 1106.141 1113.02 1151.536 1116.307 1087.651 1087.295 1072.963 1073.163 1106.023 1102.411 1088.592 1107.274 1099.089
1328.75 1270.589 1254.013 1231.162 1167.157 1234.599 1271.745 1287.668 1263.724 1248.218 1242.413 1259.696 1238.462 1215.423 1190.117 1172.796 1159.066 1169.405 1166.558 1160.578 1153.311 1150.531 1141.634 1134.414 1123.913 1122.651 1112.814 1100.958 1112.002 1116.323 1123.087 1124.792 1125.733 1109.28 1101.882 1084.49 1071.014 1057.155 1050.252 1047.888 1044.373 1037.388 1030.277 1033.636 1027.803 994.239 977.54 1019.418 1021.25 1002.079 1030.964 1050.513 1069.189 1089.429 1105.51 1088.986 1103.095 1129.012 1098.731 1071.29 1059.276 1068.146 1053.375 1093.321 1083.853 1083.592 1094.097 1094.934
1314.907 1266.986 1250.096 1214.291 1160.524 1219.328 1240.513 1244.816 1230.856 1227.429 1216.517 1242.516 1232.598 1225.805 1206.38 1193.864 1174.636 1157.118 1149.441 1151.485 1135.786 1138.817 1132.965 1123.756 1111.09 1106.74 1107.093 1094.516 1099.037 1103.733 1105.262 1119.426 1120.273 1108.392 1096.727 1083.368 1078.683 1069.63 1064.079 1057.659 1053.283 1043.332 1039.112 1035.515 1029.908 1005.522 976.832 1016.732 987.356 1015.102 1043.586 1052.629 1062.904 1080.197 1093.552 1078.477 1092.055 1103.398 1081.647 1044.124 1049.736 1062.3 1063.331 1067.101 1069.313 1070.881 1089.323 1108.805
1307.404 1269.469 1249.098 1214.018 1164.589 1203.651 1213.412 1211.565 1213.064 1207.597 1205.887 1212.636 1218.581 1229.003 1232.814 1204.609 1180.891 1168.811 1148.725 1116.584 1108.596 1115.454 1121.947 1108.834 1101.826 1103.787 1098.537 1088.947 1088.769 1085.935 1096.591 1108.249 1117.198 1121.954 1116.107 1116.211 1099.22 1090.654 1073.807 1063.457 1052.641 1043.572 1038.598 1034.252 1022.355 976.526 987.685 1005.429 979.323 1029.98 1036.935 1058.404 1059.262 1072.644 1091.409 1068.518 1073.978 1075.002 1070.411 1028.018 1051.017 1069.41 1061.031 1083.74 1094.915 1098.338 1087.311 1100.353
1278.458 1274.109 1243.348 1204.938 1157.015 1186.555 1193.266 1195.182 1194.223 1191.88 1195.641 1200.389 1204.916 1218.869 1239.386 1216.222 1190.788 1173.105 1159.377 1151.081 1133.426 1108.106 1104.396 1095.702 1091.054 1092.773 1085.93 1081.872 1079.919 1075.917 1090.549 1100.388 1114.95 1154.826 1161.77 1169.331 1145.082 1115.933 1089.023 1064.594 1053.344 1041.95 1038.315 1035.947 1031.72 1025.296 983.45 969.945 985.791 1008.013 1023.98 1051.528 1065.538 1063.214 1071.422 1063.609 1052.524 1052.424 1021.339 1060.587 1070.084 1091.404 1079.957 1081.643 1095.355 1110.893 1103.346 1109.992
1253.811 1245.309 1223.722 1195.542 1170.116 1172.136 1179.712 1177.773 1178.862 1174.99 1191.791 1189.815 1185.361 1200.899 1234.156 1221.256 1196.022 1196.284 1172.413 1148.738 1125.889 1112.376 1073.691 1050.461 1061.49 1082.645 1076.006 1074.088 1071.675 1070.558 1083.656 1091.033 1105.827 1151.141 1185.126 1208.334 1150.525 1116.262 1095.923 1063.821 1049.207 1043.597 1042.452 1040.604 1039.435 1031.257 1000.811 963.65 993.433 1014.855 1035.369 1063.781 1068.078 1049.181 1057.038 1059.311 1041.103 1021.153 1044.783 1066.733 1092.711 1111.992 1096.467 1093.734 1090.141 1111.762 1122.609 1114.5
1221.671 1210.386 1199.469 1188.932 1179.371 1124.025 1163.722 1166.169 1165.659 1166.362 1178.904 1175.153 1145.124 1184.509 1208.504 1184.508 1173.42 1176.744 1159.165 1123.505 1110.76 1102.829 1097.672 1087.659 1079.868 1060.948 1071.704 1068.819 1060.905 1073.414 1080.978 1086.483 1105.052 1132.986 1171.398 1188.624 1148.956 1101.574 1077.58 1056.264 1044.525 1039.654 1041.058 1036.646 1041.811 1035.438 996.283 953.782 994.818 1029.911 1052.08 1063.03 1044.857 1035.239 1039.192 1046.058 1018.947 1031.679 1061.99 1077.269 1099.414 1114.28 1104.391 1104.433 1097.788 1107.785 1120.142 1130.402
1193.484 1187.376 1183.323 1181.879 1169.947 1145.644 1142.201 1156.45 1153.619 1156.323 1165.947 1159.709 1129.116 1167.004 1179.62 1160.536 1146.543 1134.41 1121.918 1109.31 1095.86 1094.355 1086.494 1077.138 1066.44 1047.548 1065.409 1065.688 1057.51 1058.794 1071.778 1088.43 1102.558 1127.018 1125.364 1123.355 1100.6 1075.402 1062.183 1045.35 1038.205 1035.945 1029.474 1023.739 1033.038 1016.51 949.707 954.622 990.107 1023.917 1033.782 1029.564 1022.055 1015.005 995.275 1022.419 1029.23 1053.051 1057.129 1082.149 1098.482 1095.415 1085.79 1101.598 1103.581 1103.992 1102.622 1125.905
1173.885 1172.706 1170.48 1169.159 1161.406 1144.377 1131.967 1144.962 1143.849 1149.352 1150.629 1134.9 1107.425 1133.282 1136.827 1141.45 1119.327 1112.517 1103.694 1097.424 1088.033 1083.165 1072.04 1062.914 1043.922 1056.976 1064.118 1060.812 1049.974 1053.39 1069.031 1079.318 1099.209 1126.274 1107.975 1097.65 1087.559 1062.299 1050.005 1035.638 1029.729 1028.195 1024.779 1006.748 997.611 946.704 975.913 996.534 966.398 974.516 991.65 987.366 998.634 1050.402 1069.843 1043.155 1059.035 1072.698 1078.243 1078.569 1081.458 1079.287 1068.644 1085.538 1088.425 1073.961 1091.31 1090.811
1158.92 1159.685 1156.109 1151.993 1144.625 1130.858 1111.32 1134.615 1132.875 1140.112 1124.278 1105.313 1092.287 1101.61 1109.281 1117.207 1105.986 1098.009 1090.819 1087.017 1081.242 1070.313 1060.342 1049.211 1025.179 1057.957 1061.411 1053.49 1042.106 1044.898 1058.978 1078.42 1098.913 1107.38 1093.517 1083.478 1072.791 1053.817 1038.215 1027.43 1024.787 1025.009 1023.404 1006.305 945.723 943.436 957.821 971.24 979.466 1013.743 1024.225 1040.322 1062.324 1096.448 1108.221 1085.64 1071.93 1079.32 1073.425 1055.427 1065.043 1064.257 1055.909 1064.712 1057.119 1070.893 1088.484 1101.741
1130.451 1145.491 1145.403 1139.217 1131.896 1116.356 1107.094 1128.631 1116.764 1122.492 1105.237 1085.377 1082.882 1083.168 1091.055 1095.268 1088.625 1087.092 1079.008 1075.017 1066.434 1056.354 1043.083 1037.691 1030.24 1048.37 1047.47 1043.167 1033.667 1050.244 1061.87 1079.063 1091.579 1096.984 1079.796 1081.946 1062.723 1039.706 1029.026 1021.073 1012.9 1016.164 1019.89 995.215 945.765 996.533 1006.483 976.716 998.198 1044.574 1075.625 1091.567 1102.926 1102.126 1082.132 1074.677 1069.152 1073.789 1061.993 1043.706 1057.293 1049.7 1050.226 1049.705 1048.113 1060.339 1082.814 1098.901
1127.317 1122.361 1135.583 1132.334 1119.604 1111.736 1077.077 1094.1 1118.432 1105.9 1084.203 1074.873 1068.576 1069.993 1072.672 1077.369 1075.389 1072.054 1070.001 1063.714 1059.122 1046.913 1042.299 1022.058 1037.75 1041.006 1038.103 1033.757 1030.188 1042.511 1051.086 1066.191 1101.028 1098.958 1070.64 1079.94 1062.615 1034.576 1021.649 1013.722 1007.839 1006.887 1020.963 1014.572 945.101 993.133 1009.917 1013.849 1032.744 1068.845 1107.292 1118.046 1103.808 1075.179 1058.23 1050.804 1058.08 1061.43 1053.254 1034.832 1043.901 1041.383 1043.203 1034.869 1048.608 1066.51 1074.613 1083.883
1124.641 1093.087 1114.207 1119.827 1109.702 1097.416 1085.484 1104.917 1107.023 1089.923 1074.526 1066.82 1060.194 1056.928 1060.946 1063.084 1059.941 1061.389 1058.7 1054.41 1050.691 1043.701 1035.324 1024.194 1035.118 1034.605 1028.089 1024.907 1028.61 1037.124 1044.988 1059.629 1078.408 1077.283 1061.589 1055.387 1046.231 1025.861 1015.276 1008.093 1005.427 1001.392 1017.206 1002.232 955.805 980.893 1007.666 1033.037 1061.521 1092.966 1111.153 1111.89 1084.891 1054.49 1039.624 1026.601 1056.598 1049.713 1053.985 1026.268 1022.082 1015.715 1040.176 1029.816 1046.811 1071.299 1094.735 1109.376
1122.702 1116.667 1090.286 1103.2 1096.556 1076.459 1060.089 1105.078 1105.281 1075.211 1065.465 1059.766 1053.178 1049.204 1045 1050.414 1042.723 1049.534 1049.786 1045.481 1047.619 1041.402 1029.401 1014.978 1026.2 1023.702 1023.297 1015.819 1022.597 1039.821 1048.392 1056.101 1072.056 1062.39 1051.132 1037.295 1025.542 1014.624 1010.639 1002.855 1000.96 995.142 1007.623 962.043 951.08 983.444 1006.574 1029.383 1053.367 1068.004 1106.403 1089.692 1083.349 1047.696 1022.202 1040.075 1040.055 1041.646 1046.698 1024.338 1003.635 1013.528 1023.223 1043.506 1051.595 1075.993 1087.208 1099.366
1118.267 1110.208 1104.023 1083.844 1071.272 1073.771 1068.786 1091.112 1081.586 1067.112 1058.762 1052.086 1044.719 1036.374 1033.624 1032.172 1031.699 1035.415 1036.799 1036.872 1039.879 1033.923 1023.983 1001.713 1010.522 1025.505 1019.95 1015.383 1029.931 1067.711 1074.731 1055.518 1051.404 1047.073 1043.505 1031.885 1014.489 1005.326 1004.614 998.194 1000.605 984.725 998.696 939.717 975.846 1002.501 1000.071 1019.609 1034.865 1078.597 1102.947 1078.211 1050.091 1031.386 1009.113 1033.092 1020.534 1034.232 1033.388 1014.326 1013.213 1028.633 1045.829 1057.094 1070.275 1062.782 1077.702 1070.651
1112.938 1102.661 1095.4 1091.568 1087.583 1059.83 1050.293 1052.659 1063.603 1058.887 1050.905 1041.641 1034.132 1030.362 1028.678 1025.936 1026.173 1030.42 1032.237 1031.294 1029.901 1025.596 1017.054 1002.145 1008.388 1013.698 1013.947 1009.521 1029.295 1042.014 1057.994 1045.507 1036.23 1036.588 1038.922 1022.046 1008.401 1000.26 998.184 997.63 998.481 991.737 982.023 959.099 965.511 1006.431 1012.928 1026.079 1050.513 1091.171 1096.17 1065.94 1050.063 1022.32 1000.886 1013.539 1018.509 1027.071 1021.476 1002.45 1004.974 1027.896 1046.395 1044.355 1054.133 1055.517 1068.329 1069.086
1104.623 1094.453 1089.146 1086.157 1079.666 1071.741 1069.703 1055.276 1037.432 1041.425 1036.491 1038.725 1036.493 1032.89 1024.678 1020.813 1020.313 1028.78 1022.01 1021.602 1020.798 1019.006 1011.175 1004.371 1000.331 1001.601 1013.119 1020.607 1027.877 1034.992 1040.74 1039.79 1025.24 1025.86 1026.011 1011.304 1004.995 999.418 991.396 992.776 986.909 997.901 973.969 945.144 966.252 1002.534 1014.394 1023.499 1052.281 1061.713 1097.225 1087.577 1045.821 1016.903 994.88 994.93 1023.227 1017.099 1011.885 992.769 1009.745 1027.873 1035.099 1025.883 1041.877 1046.375 1051.205 1071.546
1094.217 1088.329 1081.965 1077.585 1071.912 1068.589 1063.615 1052.592 1048.193 1038.062 1032.721 1018.16 1031.221 1029.207 1022.578 1011.977 1007.812 1009.794 1011.979 1015.395 1012.808 1014.362 1012.977 1005.121 979.703 991.542 1011.164 1016.678 1021.111 1026.375 1030.007 1028.892 1018.836 1010.76 1007.5 1005.3 1001.304 999.257 991.734 988.709 980.718 997.025 988.825 944.894 976.892 999.062 1009.984 1011.491 1025.875 1064.003 1088.146 1071.883 1059.843 1016.917 988.018 996.628 1012.931 1001.593 993.95 983.576 1012.695 1026.482 1019.75 1048.396 1062.725 1080.425 1074.686 1089.261
1089.088 1081.597 1076.25 1072.364 1063.666 1063.767 1063.627 1060.961 1060.154 1061.692 1043.445 1029.294 1018.781 1025.518 1019.348 1009.073 1000.707 1000.702 1006.659 1011.675 1009.808 1007.584 1009.321 996.82 976.909 989.606 1005.345 1010.345 1019.785 1021.036 1029.854 1024.821 1013.726 1002.109 1000.063 997.693 999.256 994.802 993.786 982.748 974.733 992.927 992.976 943.507 986.43 994.487 988.887 1009.59 1029.404 1070.295 1080.066 1050.095 1053.941 1003.723 983.811 981.1 988.601 971.007 973.342 1009.272 1026.604 1009.305 1034.601 1052.384 1059.312 1079.401 1086.269 1094.329
1089.975 1087.471 1079.641 1078.192 1070.996 1063.606 1056.013 1056.458 1054.95 1050.278 1040.152 1033.447 1020.459 1013.759 1012.464 1007.08 999.991 991.082 1005.997 1012.825 1004.976 999.982 1004.931 990.542 969.383 977.781 998.825 1025.842 1027.176 1020.101 1021.089 1018.415 1007.372 999.827 990.819 992.289 997.984 990.798 993.137 986.942 962.482 992.585 994.946 942.767 966.009 973.768 1005.295 1016.932 999.984 1032.504 1071.374 1034.459 1056.059 1008.219 959.587 975.867 959.142 994.078 982.501 1002.003 1003.238 1021.187 1038.909 1041.943 1062.064 1067.928 1065.305 1082.762
1096.826 1093.029 1082.852 1074.616 1066.887 1057.994 1053.752 1048.33 1049.413 1044.089 1037.578 1031.412 1023.808 1012.546 995.741 1001.693 997.212 990.668 1003.181 1001.182 1001.393 994.902 993.034 985.227 969.677 998.876 1014.119 1022.281 1028.092 1016.122 1007.334 1008.797 1002.916 997.308 990.218 987.148 988.702 986.79 985.676 987.066 964.51 990.39 991.891 948.422 966.448 985.266 1008.599 1008.688 981.683 1023.278 1034.354 1016.526 1023.448 980.911 954.728 975.808 983.988 983.445 1006.775 1011.783 1018.505 1020.088 1035.8 1058.519 1063.812 1051.172 1056.906 1074.303
1092.058 1083.57 1075.274 1070.626 1063.729 1056.312 1049.713 1040.542 1041.045 1039.825 1033.777 1029.892 1018.124 1014.561 1006.58 985.309 990.783 994.793 983.104 993.312 996.071 989.567 985.266 977.491 978.479 1017.061 1032.02 1028.917 1016.604 1005.947 998.819 1003.074 1001.705 995.771 986.124 976.527 979.519 983.274 974.037 971.065 954.13 976.051 980.137 923.196 975.491 985.312 1003.577 998.387 971.861 1005.276 1005.596 998.938 982.97 941.98 968.87 992.769 1025.892 1009.86 982.74 1012.578 1032.223 1039.515 1045.581 1045.42 1031.168 1051.639 1065.348 1069.399
1091.059 1084.995 1075.404 1068.401 1059.282 1051.925 1043.717 1041.268 1032.038 1029.047 1028.943 1021.697 1018.972 1014.096 1011.001 1007.192 988.548 981.698 983.233 979.868 989.616 984.906 981.654 968.801 965.705 1027.113 1024.929 1023.822 1009.239 995.35 991.899 998.454 997.381 992.899 978.787 972.518 983.852 981.525 965.325 921.98 922.857 939.695 926.027 950.598 984.246 995.969 998.025 992.337 966.156 992.485 983.399 985.578 978.534 950.579 979.502 1001.483 1033.641 1039.432 1012.966 999.82 1017.578 1024.688 1017.557 1035.217 1041.235 1048.003 1063.589 1079.478
1103.269 1090.253 1082.678 1067.989 1057.597 1051.75 1044.768 1038.962 1033.588 1022.991 1012.353 1017.256 1017.303 1018.796 1015.268 1010.109 1000.186 989.552 978.474 968.387 982.494 982.327 973.494 959.389 958.695 983.295 1006.336 1011.83 1000.054 988.645 987.168 995.624 995.257 989.27 977.765 970.821 975.773 981.604 964.413 922.585 977.98 970.497 943.936 956.434 976.399 985.562 982.302 982.184 953.581 984.117 971.292 981.396 972.436 939.11 978.814 993.359 1008.204 1029.706 1038.517 1024.971 1023.319 1015.372 1029.309 1044.284 1054.568 1062.218 1073.53 1078.825
1102.891 1093.518 1079.975 1066.985 1058.01 1053.663 1045.675 1043.91 1043.458 1025.147 1020.691 1013.966 1010.297 1012.792 1012.015 1005.619 1001.162 994.381 982.005 960.09 971.868 978.268 971.439 965.929 965.31 959.33 997.706 1003.983 993.512 986.215 974.417 986.519 987.407 985.159 978.202 967.89 971.583 973.743 962.104 931.345 985.709 973.794 954.766 923.442 934.634 964.558 962.395 968.502 948.242 974.012 960.19 973.562 954.723 968.492 994.389 1026.102 1031.187 1038.025 1060.521 1062.408 1060.135 1040.222 1043.88 1042.627 1044.488 1050.206 1062.487 1072.113
1094.99 1088.196 1078.813 1067.913 1059.59 1055.922 1051.102 1053.395 1039.627 1045.827 1031.535 1024.153 1010.328 999.905 1000.697 1001.177 996.135 991.001 973.4 972.303 958.086 985.719 971.928 976.114 967.147 979.091 992.902 993.456 987.844 984.215 973.139 961.894 972.861 965.678 968.196 962.325 953.027 935.957 925.661 930.1 994.67 984.896 976.296 959.533 943.767 922.4 937.953 962.65 948.089 966.203 920.685 930.418 949.812 958.349 976.098 1000.295 1015.974 1038.37 1059.273 1045.768 1059.396 1064.827 1049.262 1054.08 1053.868 1052.717 1050.039 1056.408
1089.861 1082.381 1077.766 1068.179 1062.077 1057.393 1052.449 1050.786 1049.046 1053.055 1043.804 1030.232 1015.508 1005.095 989.352 997.353 991.605 986.812 960.393 985.66 993.611 994.725 991.001 975.839 940.367 974.099 975.51 985.189 979.596 975.322 970.614 942.425 930.107 954.019 954.498 923.635 952.428 976.885 969.092 980.603 1002.008 996.304 983.899 961.59 966.656 939.951 921.001 921.808 922.198 922.186 959.407 941.906 908.077 947.008 969.983 995.203 1019.099 1023.411 1028.653 1033.963 1053.391 1034.095 1029.139 1045.915 1031.773 1040.126 1044.128 1049.158
1084.913 1077.872 1070.997 1064.212 1060.194 1052.405 1051.984 1050.801 1056.696 1056.506 1056.824 1034.798 1020.603 1018.902 1008.335 999.422 994.852 982.282 970.847 971.426 994.5 1003.643 995.282 978.226 937.641 947.848 952.437 964.126 966.512 966.761 951.209 967.623 972.348 938.321 934.283 964.319 969.823 993.033 992.449 985.883 1010.384 1009.076 984.845 977.914 960.656 970.195 939.169 955.217 942.99 953.302 956.874 923.361 940.708 970.926 978.997 987.574 980.272 978.425 1016.014 1031.609 1016.656 1019.469 1040.418 1036.98 1007.635 1018.35 1036.199 1037.638
1076.424 1072.671 1068.426 1062.007 1056.698 1051.074 1042.39 1053.218 1063.033 1062.255 1050.305 1031.19 1025.514 1021.776 1012.971 1005.561 1001.205 990.029 977.321 982.549 1004.002 1012.898 1000.079 992.192 982.41 971.431 967.105 960.244 951.737 932.501 975.116 976.364 987.101 979.896 959.931 982.401 985.924 997.417 1003.126 996.122 1016.349 1014.064 987.931 992.825 990.525 976.504 951.846 956.567 954.472 969.139 959.047 901.34 948.703 957.128 959.366 943.474 955.6 1014.338 1028.975 1003.807 1000.722 1043.253 1034.162 1008.464 998.113 1006.932 1031.675 1039.168
